1026
8391
13520
16689
31551
32603
33049
33316
33491
33494
33503
33569
34345
34717
34852
35469
36387
36856
41606
45781
46796
47456
47716
47756
48076
48201
49516
49801
52347
56076
56477
59002
61502
61667
61782
63117
64702
64712
69696
70477
81732
82157
83377
83652
84112
86007
90127
92037
102722
103257
104962
106062
141731
142122
180412
181113
181370
182058
182411
183256
183266
183402
200418
200556
201093
201483
201550
201622
201626
202425
202679
203273
204362
204563
204874
205003
205153
205183
205267
205405
206108
206474
206587
270780
271741
272180
272786
272802
275263
275794
320460
320726
321651
321685
324013
325964
327057
327474
327486
329839
330136
330139
330400
332327
332806
333171
333387
333755
334096
339239
339339
339859
340014
340655
345810
345845
346826
347211
350055
375436
375926
376149
376225
376561
377031
443474
444827
447596
453077
456223
480400
485621
485800
486395
486806
486930
488928
495149
496482
497854
498587
499383
499843
507530
507661
508234
510070
510212
513708
514584
516742
534543
535295
536199
536593
540099
540451
540927
541897
542142
544257
544533
545851
547579
549027
550037
552034
552050
552052
556870
593280
598932
601215
640531
647302
647592
650660
657839
657842
731568
732483
735088
745229
747756
761557
762401
764621
790414
790419
807018
833256
843302
857412
879247
879360
889340
892665
895019
982110
1010281
1015194
1015485
1047323
1052584
1054826
1055310
1058303
1068227
1068880
1074205
1075570
1075579
1077323
1083252
1083477
1084894
1089168
1093063
1093467
1093830
1094011
1096288
1096978
1108033
1109557
1112822
1114611
1118666
1122129
1123231
1123639
1123881
1127175
1134582
1192124
1192485
1192633
1197971
1198909
1201064
1202489
1203855
1207036
1249099
1252966
1258069
1264832
1265100
1269387
1275602
1284093
1301965
1302499
1310248
1310255
1313292
1315152
1315513
1318835
1345036
1361005
1365884
1376569
1396615
1398251
1398426
1402205
1448606
1449249
1468813
1477017
1480344
1488593
1491889
1491972
1523588
1599924
1616987
1618087
1621914
1621922
1679156
1694109
1706999
1710096
1712387
1754265
1758691
1760716
1768029
1779146
1788371
1799113
1808923
1853290
1860271
1864086
1890670
1908442
1931869
1948850
1960636
1962819
1975125
1981116
1996477
1996885
2008711
2025770
2032686
2033434
2107029
2113430
2118690
2132665
2177363
2179602
2204699
2250110
2262605
2277545
2295328
2299828
2310470
2347499
2400789
2413290
2422313
2470210
2489439
2545410
2669292
2680998
2708363
2818371
3082984
