725
864
881
1228
1355
1391
1426
1573
2068
2079
2145
2257
2960
3218
4002
4354
4427
5118
5480
6175
6177
6495
6905
6959
8220
8542
8931
9322
10364
11340
11375
11505
12102
13273
15783
16049
16239
16626
16949
17053
17238
17478
18888
18926
19750
19863
20566
20589
20600
20601
21519
21606
21710
21903
21929
22589
22806
23124
23134
23141
23295
23786
23799
24040
24205
24296
24637
24909
25529
25629
25895
25954
26011
26104
26992
27025
27081
27190
27219
27411
27435
27977
29774
29816
29924
30123
30509
31454
32166
32537
33382
33857
34156
69444
105052
117536
440155
462108
484488
488272
488479
550958
580845
597955
599873
600759
745013
756809
817439
852951
897123
947629
956561
1560214
1562505
1569335
1606380
1635432
1649258
1656513
1656521
1656815
1692432
1706477
1743287
1792728
1810090
1813585
1813890
1830138
1916059
1921326
1929138
1951118
1953153
1959651
1966390
2125688
2129696
2159823
2164733
2166779
2200546
2204149
2231001
2292952
2301441
2358912
2504679
2519758
2607844
2660935
2725802
2762605
2825901
2918725
2924705
2959246
3049380
3059049
3081537
3092905
3158781
3165150
3198908
3201625
3286846
3291073
3299324
3382543
3384931
3394496
3408893
3411706
3449260
3463500
3469267
3597877
3626382
3659640
3684000
3929783
3973318
4004264
4041540
