281
2518
2930
4834
5315
5706
5910
6212
7634
8095
8124
9349
9752
10038
10075
12812
13950
14024
14027
14085
14274
14287
14304
15533
15587
15620
17260
18070
18346
18569
18580
18929
19583
20238
20625
20629
21474
21604
21626
21770
22024
22451
22632
22832
22978
23011
23051
23462
23585
24319
24349
24736
26136
26171
26385
26449
26635
27067
27208
27549
28073
28220
28834
28880
29095
30883
30886
31092
31185
31306
32279
32412
32732
33199
33750
33791
33918
34151
34210
35475
35700
35712
35959
35961
36206
36230
36261
36373
36516
36696
36988
37196
37497
37577
37809
40545
40634
40775
40792
41346
41364
41809
42000
42535
42618
43232
43392
43585
43722
44188
44576
44810
44939
44948
44952
44956
45376
45625
45673
45833
45957
46535
46758
46801
46804
47415
47489
47802
47849
48040
48100
48198
48291
48585
48608
49137
50453
50499
51055
51061
51186
51599
51776
51778
51831
52398
52782
55354
55599
55683
55878
56955
57347
57613
57614
57615
57700
58054
59360
60254
60255
60423
60463
64480
64496
65036
65931
66237
